label	DNN	PN	PT	TP	SiO4	Temperature	DPP	Sat	pH	Light
a1	19.0848	15.00436062	0.413	0.6486294	6.7325	22	10.36	33.649	10.672	3021.582734
a2	17.1472	21.54456918	0.2835	1.7198586	5.37	22	10.34	33.759	10.648	3003.597122
a3	27.8544	1.5616674	0.483	2.7591084	9.8325	22	10.34	34.045	10.672	3974.820144
a4	24.5868	7.67133054	0.3325	2.2172838	7.595	21.8	12.24	34.034	10.708	4064.748201
a5	17.8836	14.19018822	0.2695	1.0724334	6.9225	21.8	14.88	34.001	10.744	3705.035971
a6	29.106	3.7577223	0.378	0.2314146	9.7875	22	15.08	33.792	10.912	3309.352518
a7	19.782	11.03178078	0.294	0.5627352	6.7925	22	15.22	33.902	10.828	4154.676259
a8	20.6808	6.9205959	0.5285	0.5806338	6.15	21.8	14.04	33.979	10.804	4946.043165
a9	21.042	8.6195799	0.581	2.3518548	5.9025	22	14.44	33.924	10.816	3992.805755
a10	25.494	4.99087998	0.6615	2.6537346	8.295	22	14.74	33.902	10.816	3651.079137
a11	22.9656	7.2866655	0.5775	0.695667	6.9275	22	14.9	33.847	10.828	4928.057554
a12	29.4504	1.6274304	0.5635	2.576625	7.565	21.8	15.14	33.781	10.84	3543.165468
b1	5.0064	17.4123315	0.3815	8.9094594	2.745	30.4	6.68	33.836	10.936	3794.964029
b2	20.0424	14.6160558	0.546	2.3092494	5.4575	28.4	6.78	33.781	10.732	4676.258993
b3	21.2268	13.12243398	0.973	7.7765634	6.1075	26.6	6.8	33.671	10.72	4154.676259
b4	20.496	4.03474014	0.6405	8.7554394	5.3875	27	6.9	33.682	10.744	3507.194245
b5	15.1788	7.7424858	0.7945	13.5763914	4.9775	26.4	7.02	33.583	10.804	3956.834532
b6	23.058	8.98132518	0.714	28.9621434	7.83	25.2	7.08	33.506	10.708	5125.899281
b7	15.0192	20.18528766	0.4095	11.4980694	5.6575	25	7.56	33.506	10.84	6636.690647
b8	11.34	0.0794106	0.7105	8.8696974	4.2625	25.4	7.2	33.506	10.828	5125.899281
b9	10.7688	17.60588262	0.413	8.5195314	4.03	25.4	7.24	33.506	10.816	6151.079137
b10	21.3612	2.33494398	0.5215	10.4444814	7.53	25.4	7.34	33.495	10.852	5827.338129
b11	13.608	11.0871297	0.343	9.0744594	5.2475	25	7.36	33.506	10.852	4712.230216
b12	14.4732	15.2910423	0.2555	11.0427594	5.6875	25	7.5	33.539	10.9	7266.18705
c1	17.514	5.7846222	0.5635	2.8729788	4.7475	26.2	16.66	34.1	10.828	4316.546763
c2	14.7504	3.9359367	0.63	0.8817384	4.095	26	16.76	34.166	10.84	4154.676259
c3	11.7432	17.30028222	0.4305	2.074518	3.9	25.8	17.12	34.155	10.852	3237.410072
c4	15.9936	7.6269654	0.6195	5.6174136	4.25	26	17.18	34.045	10.84	4874.100719
c5	15.9936	12.10438278	0.546	3.5137842	4.245	26	16.8	34.078	10.792	3093.52518
c6	10.2816	13.53623454	0.329	10.3358076	3.46	28.4	14.88	33.55	10.66	2571.942446
c7	10.5504	11.4291207	0.2415	9.4935264	3.87	27.8	13.56	33.704	10.672	3255.395683
c8	16.3464	17.22390822	0.238	5.7929508	4.835	27	13.5	31.75	10.684	2841.726619
c9	10.1892	7.61299902	0.1855	5.0938368	3.8325	27.4	14.54	31.72	10.684	2500
c10	14.3136	0.6287607	0.2625	4.8913008	5.49	27.4	14.18	31.67	10.768	2877.697842
c11	13.2552	11.1024855	0.259	11.970993	4.9475	26.4	15.86	31.93	10.648	3471.223022
c12	12.3984	7.48989342	0.1995	6.4391274	4.7425	26	16.48	31.97	10.756	1852.517986
d1	18.8328	11.09036934	0.49	0.3090696	5.275	31.2	14.86	31.83	10.828	877.6978417
d2	15.8508	7.1388198	0.5215	0.202749	4.3325	30.2	12.7	31.93	10.852	1276.978417
d3	15.6828	4.88457918	0.4865	7.5321588	5.1125	28.4	13.06	32.1	10.876	1131.294964
d4	19.3956	3.3295311	0.539	11.3222748	4.8725	29	13.72	32.03	10.876	1348.920863
d5	19.488	24.6786624	0.413	25.8227694	5.1225	30	17.8	32.05	10.312	1429.856115
d6	10.8948	34.7584383	0.399	32.1539982	5.665	27.4	17.68	32	11.392	789.5683453
d7	18.1356	32.2727139	0.5075	28.4068002	7.455	27.6	17.1	31.99	11.548	568.3453237
d8	17.346	32.4112959	0.3605	29.3395272	8.0775	28	18.94	32.07	10.876	1073.741007
d9	12.1296	95.57557758	1.029	67.6358394	8.0725	28.6	20.28	32.01	10.564	1167.266187
d10	17.934	2.03442246	0.7735	15.1099212	7.665	28.4	17.86	32	10.66	771.5827338
d11	19.5888	3.3372081	0.7105	18.1267704	7.54	27.8	16.78	31.97	10.888	1190.647482
d12	12.0708	35.18931294	0.378	27.6298014	6.2225	27.4	17.58	32.06	10.696	1138.489209
e1	21.4536	16.70859198	0.665	1.8629814	6.75	31.6	15.82	30.57	10.504	460.4316547
e2	19.3704	15.3332037	0.469	1.6832694	4.76	31.6	16.1	30.51	10.504	438.8489209
e3	26.8968	4.7652687	0.602	2.8021674	5.535	31.6	16.8	31.55	10.384	501.7985612
e4	19.3704	15.03593406	0.553	2.3748474	4.755	31.6	16.16	30.5	10.552	1192.446043
e5	11.1216	45.9724131	0.168	27.7650174	3.655	31.6	13.3	30.86	10.588	1122.302158
e6	12.9696	33.7117815	0.385	26.9943474	7.015	31.6	13.24	31.99	10.444	489.2086331
e7	8.1144	128.4488249	1.302	58.9454634	6.695	31.6	15.36	31.08	10.504	1169.064748
e8	7.476	119.5258689	1.0451	62.8506714	7.173	31.6	14.92	31.39	10.42	1113.309353
e9	11.0544	92.33548614	1.358	55.1683374	6.15	31.6	15.12	30.95	10.516	575.5395683
e10	3.7296	130.2748861	0.735	63.0006294	6.635	31.6	13.66	31.97	10.432	343.5251799
e11	5.376	76.505454	0.462	56.8414494	6.84	31.6	15.82	31.39	10.6	1496.402878
e12	6.0648	88.22764998	0.455	55.9473354	6.805	31.6	16.04	30.61	10.6	516.1870504
